[intro-bg.jpg]
filters=fill=1,0.616822;finetune2=1,0.456140,0.000000,0.435088,00000000,0.461988;tilt=1,0.051342,0.000000;
moddate=0000505b3fd70000
width=1920
height=1440
textactive=0
[profile-bg.jpg]
filters=crop64=1,83339eeeffffd49e;fill=1,0.504673;
crop=rect64(83339eeeffffd49e)
moddate=0000322440d70000
width=960
height=720
textactive=0
